# Age group breaks

age_groups <- list(
  "age_group_1" = list(
    "breaks" = c(-Inf, 4, 9, 14, 19, 29, 39, 49, 59, 69, 79, +Inf),
    "labels" = c("0-4",
                 "5-9",
                 "10-14",
                 "15-19",
                 "20-29",
                 "30-39",
                 "40-49",
                 "50-59",
                 "60-69",
                 "70-79",
                 "80+")
  ),
  "age_group_2" = list(
    "breaks" = c(-Inf, 4, 9, 14, 19, 24, 29, 34, 39,
                 44, 49, 54, 59, 64, 69, 74, 79, +Inf),
    "labels" = c("0-4",
                 "5-9",
                 "10-14",
                 "15-19",
                 "20-24",
                 "25-29",
                 "30-34",
                 "35-39",
                 "40-44",
                 "45-49",
                 "50-54",
                 "55-59",
                 "60-64",
                 "65-69",
                 "70-74",
                 "75-79",
                 "80+")
  )
)

